15-09-38
9 9 10 10 48
PLAYER 0 0 1
CLOSE 0 0 0
CLOSE 0 0 0
CLOSE 0 0 0
2 0 0
2 0 0
2 0 0
-1 0 0
1 0 0
0 0 0
0 0 0
1 0 0
-1 0 0
-1 0 0
-1 0 0
2 0 0
1 0 0
1 0 0
0 0 0
0 0 0
1 0 0
1 0 0
2 0 0
2 0 0
2 1 0
1 0 0
1 0 0
0 0 0
0 0 0
0 0 0
0 0 0
1 0 0
1 0 0
1 0 0
-1 0 0
1 0 0
1 0 0
1 1 0
1 0 0
0 0 0
-1 0 0
1 1 0
1 1 0
1 1 0
1 1 0
2 1 0
-1 0 0
3 0 0
1 0 0
1 0 0
1 1 0
0 1 0
0 1 0
0 1 0
2 1 0
-1 0 0
3 1 0
-1 0 0
0 0 0
1 1 0
1 1 0
1 1 0
0 1 0
1 1 0
1 1 0
2 1 0
1 1 0
0 0 0
1 0 0
-1 0 0
1 1 0
0 1 0
0 1 0
0 1 0
0 1 0
0 1 0
0 0 0
1 0 0
1 0 0
1 1 0
0 1 0
0 1 0
0 1 0
0 1 0
0 1 0
0
0