13-55-07
9 9 10 2 8
PLAYER 2 0 1
PLAYER 2 0 1
CLOSE 0 0 0
CLOSE 0 0 0
0 1 0
1 1 0
1 1 0
1 1 0
0 1 0
1 1 0
-1 1 0
2 1 0
1 1 0
0 1 0
1 1 0
-1 0 1
1 1 0
0 1 0
1 1 0
2 1 0
-1 1 0
1 1 0
0 1 0
1 1 0
1 1 0
1 1 0
0 1 0
0 1 0
1 1 0
2 1 0
2 1 0
0 1 0
0 1 0
1 1 0
1 1 0
1 1 0
0 1 0
0 1 0
1 1 0
-1 0 0
0 1 0
0 1 0
1 1 0
-1 0 1
1 1 0
0 1 0
0 1 0
1 1 0
1 1 0
1 1 0
1 1 0
2 1 0
1 1 0
1 1 0
0 1 0
0 1 0
1 1 0
1 1 0
1 1 0
-1 0 1
2 1 0
1 1 0
1 1 0
0 1 0
1 1 0
2 1 0
-1 0 0
1 1 0
2 1 0
3 1 0
-1 0 1
1 1 0
0 1 0
1 1 0
-1 0 1
2 1 0
0 1 0
1 1 0
-1 0 1
2 1 0
1 1 0
0 1 0
1 1 0
1 1 0
1 1 0
0
0