13-54-05
9 9 10 1 11
PLAYER 3 1 1
PLAYER 1 0 1
CLOSE 0 0 0
CLOSE 0 0 0
1 0 0
-1 0 0
2 1 0
-1 0 1
1 1 0
0 1 0
0 1 0
1 1 0
-1 0 1
2 0 0
2 1 0
3 1 0
1 1 0
1 1 0
0 1 0
0 1 0
1 1 0
1 1 0
2 0 0
-1 1 0
2 1 0
0 1 0
0 1 0
1 1 0
1 1 0
1 1 0
0 1 0
3 1 0
-1 0 1
3 1 0
0 1 0
0 1 0
1 1 0
-1 0 1
2 1 0
1 1 0
2 1 0
-1 0 1
2 1 0
0 1 0
0 1 0
1 1 0
2 1 0
-1 1 0
1 1 0
1 1 0
1 1 0
1 1 0
0 1 0
0 1 0
0 1 0
2 1 0
2 1 0
2 1 0
0 1 0
0 1 0
0 1 0
0 1 0
0 1 0
0 1 0
1 1 0
-1 0 1
1 1 0
0 1 0
1 1 0
1 1 0
1 1 0
0 1 0
0 1 0
1 1 0
1 1 0
1 1 0
0 1 0
1 1 0
-1 0 1
1 1 0
0 1 0
0 1 0
0 1 0
0 1 0
0 1 0
1
0